.Random.seed <-
c(403L, 480L, 1677243316L, 678800966L, -1273075351L, -185158376L, 
1326075655L, 53883322L, -696950651L, 775801862L, -1549644671L, 
789613782L, 1025514052L, -399741355L, 694180421L, -327678135L, 
-684579324L, 1025925561L, 920993597L, 1895391877L, -770923186L, 
-260806925L, 662389524L, -141302634L, -1188701226L, 2079596208L, 
2098160113L, -2020640497L, -1492651031L, -1853905798L, -606506427L, 
869764812L, -17899608L, -1455974857L, 488156755L, -726683260L, 
-864834006L, -234948463L, -1788465069L, -1224419543L, -1463920566L, 
-682977599L, -2095443968L, 531278234L, -997130637L, 1696273073L, 
-1952517069L, -77094007L, 1587073977L, 136108864L, 480521737L, 
-1325484255L, -474673538L, -1515410446L, -583473626L, -1920789307L, 
-863535576L, -316659602L, 16990551L, 25280470L, -800448687L, 
-241900451L, 897662967L, 91986128L, 1701279412L, 1941242687L, 
289074380L, 1787388172L, 517837817L, 602347297L, 511235489L, 
-1171350125L, -273985676L, 126150007L, -303331849L, -2112358811L, 
1278819792L, 1464999495L, 1975678867L, 1763274737L, 1181239053L, 
394338439L, 147647866L, 1886475557L, -1971479947L, 1279222154L, 
1803240263L, -211109127L, -1036412703L, -1355581472L, 257518992L, 
-1629462182L, -938867922L, -192639944L, 975453659L, -967231483L, 
-1903171360L, -181409601L, 1238664811L, -592617957L, 1500577320L, 
-1415080616L, -1650883940L, 1924178562L, 1885651370L, 883384592L, 
1111818359L, 1701332220L, 131026599L, -472570161L, 75663408L, 
563104341L, 1558750524L, 973736505L, -633225777L, 381927432L, 
758024113L, 2027772451L, -424362049L, -1796929746L, -117259851L, 
-2056692458L, -246002823L, 440638917L, -1386960467L, -563437822L, 
1220489938L, 1997485488L, 76399054L, 1563734904L, 478422777L, 
1423978481L, 2122453225L, -1033283834L, -1407360382L, 901916443L, 
-1939631590L, 1286974724L, -1046278705L, 1518048004L, 283286801L, 
-1229684213L, 1941246841L, 889670804L, -138767528L, 1215704562L, 
1971153021L, -782732193L, -1667207415L, -1612231539L, 1045564966L, 
578544307L, -263810754L, -1068824656L, -1927845868L, 1251323084L, 
-2136567908L, 494560218L, -1983833590L, -1750891845L, 423621307L, 
1112994351L, -1105909403L, 1432657528L, 872989364L, 878598111L, 
-884772948L, 939922305L, 904966589L, 198518442L, 1262281568L, 
987461182L, -1665317480L, 653152616L, 266070594L, 33101148L, 
1439077042L, -824560087L, -1004933535L, 578450978L, -1455787318L, 
1649947229L, -147298549L, -751198184L, 328496639L, -1073797212L, 
1568524274L, 1695515482L, -1533392135L, 915061668L, -746625162L, 
-1889833902L, 1544337332L, 318006118L, 1386175845L, -1193519209L, 
273779858L, -466456976L, 1321765517L, 1882735072L, 572660070L, 
-46791723L, 1065601587L, 880658715L, 450278892L, -2144967458L, 
-1027729280L, -1444810436L, 1418274954L, 1812631501L, 215453069L, 
1717556777L, 2115217037L, 1915271210L, 1571506090L, 1268424969L, 
-2045861617L, -192420300L, -1996657589L, 986581737L, -503114260L, 
-1600630426L, -1189504679L, 1791874960L, 512903621L, 1773382346L, 
1964161543L, -1766700997L, 115245254L, 956906965L, -1187826092L, 
-943655494L, 2088004557L, 408077211L, -257251058L, 1884694459L, 
-183809783L, -764768753L, 649070565L, 1622966767L, -1798705913L, 
40661L, -807783415L, 1945628676L, 1610890382L, 1900506274L, 523994514L, 
1962250456L, -376930597L, 1339973857L, 1722108083L, -873779972L, 
738361457L, 1340125911L, 718206377L, 723486311L, 781657759L, 
-616655449L, -1096099536L, 1443219909L, 2129027880L, -1213486972L, 
408442173L, -368935281L, -1867410194L, -467737827L, 1075809517L, 
-1536281264L, -514316367L, 447553245L, 1593684492L, -745254562L, 
503308364L, 291431158L, 415521930L, -1645669851L, -811094233L, 
-252541363L, -766841250L, 1961174290L, 1835020042L, -943525647L, 
577542188L, 701962183L, 751959523L, -398730837L, -544727537L, 
1759640656L, -419793574L, -1057109840L, -1932382913L, 1004591009L, 
-1310180206L, -1454508163L, -1073442468L, -2075291712L, -629793064L, 
1921185793L, 1796099284L, 363081133L, 1697098284L, -1146277462L, 
1343335058L, 1294352631L, -402502468L, 1636877708L, 983744490L, 
-251404631L, -2970909L, -530696941L, -839953617L, 1688124268L, 
-1197208580L, -1339061742L, 807344403L, 1806286913L, 1107790430L, 
991368352L, 2145153962L, 1452461380L, 1461696107L, 502674025L, 
1275327024L, -1397624898L, -1490320308L, -1662286828L, 1566867609L, 
-1493996980L, -1557491447L, -909146287L, 1473130496L, -637525824L, 
-1255361029L, 1424725200L, -174343502L, -1279418018L, 1952015922L, 
428332585L, -604204914L, -1746782608L, -1600682928L, 749236882L, 
653133801L, 1079274919L, 1879539516L, -1713846083L, 1389332925L, 
-466486548L, 817704996L, 1042085228L, -1404065559L, -1734882692L, 
1096934572L, -316778039L, -96713976L, -1821512941L, -965800693L, 
-2010035827L, -181911470L, 1651675932L, 1454404093L, -123143575L, 
1984153945L, -2103582803L, 350860209L, 103971619L, -987081044L, 
412354780L, -2028256707L, -974647438L, -1566232888L, 115043802L, 
-1958626519L, 1346663564L, 19089897L, -728892001L, 761399933L, 
96767925L, -1317013101L, -909044055L, -752368805L, -139660787L, 
1291460505L, 123988562L, 114297355L, 129025924L, 1040439271L, 
-58514940L, -112649172L, 244943207L, 310077316L, -1709090421L, 
-725223505L, -2035228303L, -2009362766L, 2129233716L, -2136765616L, 
-1544334478L, -1362307228L, -528508376L, 557942887L, -2003529120L, 
-347431052L, 72087998L, -222354830L, 1194530499L, 1484013319L, 
260547597L, -1644186226L, 842047047L, 1174467811L, 1104084706L, 
-501647570L, -1984219347L, 1948844548L, -1897640885L, -1442336024L, 
-1147172011L, -245078482L, -93622985L, -913877013L, -109542213L, 
-1653043805L, 527061295L, 1180383231L, -488245597L, 145604323L, 
1498227032L, -1981015689L, -1764036199L, -1125152689L, 1909079329L, 
-1756264503L, 419978759L, 1054800907L, -1739914213L, 82827601L, 
1559663739L, -219211843L, -160632484L, -355328418L, 755221868L, 
-1636013199L, 334445003L, 578647048L, 459742598L, -227273197L, 
-1294627913L, -16661640L, 1192162763L, 393043615L, 77820640L, 
2134045285L, -1472630280L, 810153909L, -581867653L, 1821191092L, 
2012195944L, 228470124L, -1937272375L, 1547992148L, -1811171928L, 
-120884999L, 1884927662L, 953461234L, 670399065L, 439701820L, 
-1376304917L, 1398814827L, -982683379L, 300916711L, 1134740260L, 
-2063092638L, 578716117L, 1712618291L, 2044970531L, 429063501L, 
-582560144L, -343274339L, -824863310L, 1433610805L, 1851957377L, 
-324336810L, -484941677L, 1874472602L, -1651869658L, -709360941L, 
855984169L, 885472078L, -160115352L, 652673702L, 556712907L, 
-600719413L, 543794418L, 130214920L, -465022416L, -1790652577L, 
2028624858L, -816835902L, -1666863830L, 1895038069L, -460210772L, 
-1187710793L, -1989800251L, 1752846882L, -1668696227L, 1568819834L, 
-1100425315L, -1758062932L, -1337988372L, -510661532L, 1251703689L, 
564604011L, 152873482L, 1480613979L, -1557561513L, 913365663L, 
-835045920L, 358263071L, -1120986239L, 1195922213L, 1237081742L, 
407255413L, 231569767L, 1678024488L, 1050727365L, -1033821260L, 
-1231201127L, 1465866589L, 1007283430L, -1490390885L, -122997544L, 
-658232936L, 611874467L, 1744869588L, -1021363553L, -1662158811L, 
2040700677L, 2063345117L, 236394382L, 1277059137L, -181273506L, 
-564557570L, 947353809L, 756579804L, -1694200219L, -888016209L, 
-553261570L, -1570806175L, 584442637L, 1141460720L, 881503742L, 
-1764376460L, -236379653L, 93406186L, 2099874179L, -299305121L, 
-1683021671L, 278675159L, 1718223433L, -1774483210L, 1047405545L, 
-751450325L, -816677042L, -367510215L, -223343045L, -1100287220L, 
-1705537300L, -661491607L, -947475L, 1639749099L, -886952975L, 
-1188608673L, 839717622L, 915331430L, -1487382556L, 2073195694L, 
2129113739L, -1072099148L, -1655022514L, 1043284036L, 1482612335L, 
2112026067L, -2135942365L, 1223612796L, 941402608L, 475021328L, 
626191347L, -1127240338L, -1327876104L, -1590308757L, -948673424L, 
246588761L, -761710986L, 1583661288L, -2092723151L, 1816903406L, 
-60430905L, 1443742214L, 1021867157L, 1461976288L, 2099138111L, 
-868022715L, 1856848655L, -1672824320L, -680701617L, -1918924739L, 
